# test 05 / public / base intersecte gisement

# Gisements
24

890 890 150 9000
600 470 150 9000
-890 -990 100 4000
-200 -400 150 9000
-180 -90 50 1000
-320 530 100 4000
390 890 150 9000
-690 470 50 1000
-700 0 100 4000
200 -700 150 9000
180 -190 50 1000
-530 540 100 4000

890 390 150 9000
600 170 50 1000
-890 -790 100 4000
-200 -200 50 1000
-280 190 50 1000
-520 210 100 4000
0 890 150 9000
-690 770 50 1000
-950 0 100 4000
400 -700 50 1000
380 -190 50 1000
530 0 100 4000

# Bases
11 # nbB

0 500 9900 0 0 0 1
# Communication:
1 0 0 500 0 500 true

-600 -500 11 0 0 0 1
# Communication:
1 0 -600 -500 -600 -500 true

-480 -500 11 0 0 0 1
# Communication:
1 0 -480 -500 -480 -500 true

-360 -450 11 0 0 0 1
# Communication:
1 0 -360 -450 -360 -450 true

-840 -500 11 0 0 0 1
# Communication:
1 0 -840 -500 -840 -500 true

-120 -900 211 0 0 0 1
# Communication:
1 0 -120 -900 -120 -900 true

0 -500 211 0 0 0 1
# Communication:
1 0 0 -500 0 -500 true

120 -400 211 0 0 0 1
# Communication:
1 0 120 -400 120 -400 true

240 -500 11 0 0 0 1
# Communication:
1 0 240 -500 240 -500 true

150 -231 11 0 0 0 1
# Communication:
1 0 150 -231 150 -231 true

0 150 11 0 0 0 1
# Communication:
1 0 0 150 0 150 true
