# test 08 / public / meme uid 17

# nb Gisement
1
# Gisement:
	0.000000 0.000000 150.000000 8000.000000


# nb Base
4
# Base:
    -400.000000 -500.000000 1.000000 1 0 0 1
    # Prospector:
    0 10. 0.  0.  0.  0.  true true true 0. 0. 150. 8000.
    # Communication:
    1 0.000000 -400.000000 -500.000000 -400.000000 -500.000000 true

    -60.000000 -500.000000 452.292826 1 1 1 1
    # Prospector:
    0 379.821925 135.731179 -103.004101 829.043805 -672.914168 false false false
    # Drilling:
    2 353.587133 -17.871783 -148.931526 -17.871783 -148.931526 true
    # Transport:
    3 150.000000 -42.128217 -351.068474 -17.871783 -148.931526 false false
    # Communication:
    1 0.000000 -60.000000 -500.000000 -60.000000 -500.000000 true
    

    60.000000 -500.000000 442.292826 2 1 1 49
    # Prospector:
    0 781.303329 -713.997118 -221.619163 792.985169 -885.006484 false false false
    52 10.000000 55.956352 -509.145978 -148.348523 -971.245444 false false false
    # Drilling:
    2 353.587133 17.871783 -148.931526 17.871783 -148.931526 true
    # Transport:
    3 150.000000 42.128217 -351.068474 17.871783 -148.931526 false false
    # Communication:
    1 0.000000 60.000000 -500.000000 60.000000 -500.000000 true
    4 403.050865 -225.000000 -785.000000 -225.000000 -785.000000 true
    5 285.000000 -225.000000 -500.000000 -225.000000 -500.000000 true
    6 403.050865 -225.000000 -215.000000 -225.000000 -215.000000 true
    7 285.000000 60.000000 -785.000000 60.000000 -785.000000 true
    8 285.000000 60.000000 -215.000000 60.000000 -215.000000 true
    9 403.050865 345.000000 -785.000000 345.000000 -785.000000 true
    10 285.000000 345.000000 -500.000000 345.000000 -500.000000 true
    11 403.050865 345.000000 -215.000000 345.000000 -215.000000 true
    12 806.101731 -510.000000 930.000000 -510.000000 930.000000 true
    13 637.279374 -510.000000 -785.000000 -510.000000 -785.000000 true
    14 570.000000 -510.000000 -500.000000 -510.000000 -500.000000 true
    15 637.279374 -510.000000 -215.000000 -510.000000 -215.000000 true
    16 806.101731 -510.000000 70.000000 -510.000000 70.000000 true
    17 637.279374 -225.000000 930.000000 -225.000000 930.000000 true
    18 637.279374 -225.000000 70.000000 -225.000000 70.000000 true
    19 570.000000 60.000000 930.000000 60.000000 930.000000 true
    20 570.000000 60.000000 70.000000 60.000000 70.000000 true
    21 637.279374 345.000000 930.000000 345.000000 930.000000 true
    22 637.279374 345.000000 70.000000 345.000000 70.000000 true
    23 806.101731 630.000000 930.000000 630.000000 930.000000 true
    24 637.279374 630.000000 -785.000000 630.000000 -785.000000 true
    25 570.000000 630.000000 -500.000000 630.000000 -500.000000 true
    26 637.279374 630.000000 -215.000000 630.000000 -215.000000 true
    17 806.101731 630.000000 70.000000 630.000000 70.000000 true
    28 820.000000 -519.827561 920.172439 -795.000000 645.000000 false
    29 820.000000 -622.281241 -954.854161 -795.000000 930.000000 false
    30 820.000000 -717.920304 -759.306768 -795.000000 -785.000000 false
    31 815.000000 -755.000000 -500.000000 -795.000000 -500.000000 false
    32 815.000000 -713.176888 -242.274371 -795.000000 -215.000000 false
    33 815.000000 -618.120990 -47.919340 -795.000000 70.000000 false
    34 810.000000 -512.756493 72.756493 -795.000000 355.000000 false
    35 810.000000 -389.307159 826.039262 -510.000000 645.000000 false
    36 810.000000 -389.307159 173.960738 -510.000000 355.000000 false
    37 805.000000 -194.563352 736.309945 -225.000000 645.000000 false
    38 805.000000 -194.563352 263.690055 -225.000000 355.000000 false
    39 805.000000 60.000000 695.000000 60.000000 645.000000 false
    40 800.000000 60.000000 300.000000 60.000000 355.000000 false
    41 800.000000 312.982213 741.053362 345.000000 645.000000 false
    42 800.000000 312.982213 258.946638 345.000000 355.000000 false
    43 795.000000 500.986656 838.520016 630.000000 645.000000 false
    44 795.000000 500.986656 161.479984 630.000000 355.000000 false
    45 795.000000 622.149891 937.850109 915.000000 645.000000 false
    46 790.000000 717.319733 -938.213155 915.000000 930.000000 false
    47 790.000000 809.459805 -749.819935 915.000000 -785.000000 false
    48 790.000000 850.000000 -500.000000 915.000000 -500.000000 false
    49 785.000000 804.716389 -251.761204 915.000000 -215.000000 false
    50 785.000000 713.159481 -64.560346 915.000000 70.000000 false
    51 785.000000 615.078823 55.078823 915.000000 355.000000 false

    400.000000 -500.000000 1.000000 1 0 0 1
    # Prospector:
    0 81.257866 307.671579 -246.949511 736.950329 -449.296396 false false false
    # Communication:
    1 0.000000 400.000000 -500.000000 400.000000 -500.000000 true


