# test 09 / public / meme uid robot 1

# nb Gisement
1
# Gisement:
	0.000000 0.000000 150.000000 8000.000000


# nb Base
4
# Base:
    -400.000000 -500.000000 111.000000 3 0 0 1
    # Prospector:
    0 679. -893.905315 743.559884 538.602233 -92.654015 false false false
    2 579. -493.905315 543.559884 538.602233 -92.654015 false false false
    3 479. -93.905315 343.559884 538.602233 -92.654015 false false false
    # Communication:
    1 0.000000 -400.000000 -500.000000 -400.000000 -500.000000 true

    -60.000000 -500.000000 245. 1 1 1 1
    # Prospector:
    0 779.821925 135.731179 -103.004101 829.043805 -672.914168 false false false
    # Drilling:
    2 353.587133 -17.871783 -148.931526 -17.871783 -148.931526 true
    # Transport:
    3 150.000000 -42.128217 -351.068474 -17.871783 -148.931526 false false
    # Communication:
    1 0.000000 -60.000000 -500.000000 -60.000000 -500.000000 true
    

    60.000000 -500.000000 244. 2 1 1 27
    # Prospector:
    0 371.303329 -713.997118 -221.619163 792.985169 -885.006484 false false false
    52 10.000000 55.956352 -509.145978 -148.348523 -971.245444 false false false
    # Drilling:
    2 353.587133 17.871783 -148.931526 17.871783 -148.931526 true
    # Transport:
    3 150.000000 42.128217 -351.068474 17.871783 -148.931526 false false
    # Communication:
    1 0.000000 60.000000 -500.000000 60.000000 -500.000000 true
    4 403.050865 -225.000000 -785.000000 -225.000000 -785.000000 true
    5 285.000000 -225.000000 -500.000000 -225.000000 -500.000000 true
    6 403.050865 -225.000000 -215.000000 -225.000000 -215.000000 true
    7 285.000000 60.000000 -785.000000 60.000000 -785.000000 true
    8 285.000000 60.000000 -215.000000 60.000000 -215.000000 true
    9 403.050865 345.000000 -785.000000 345.000000 -785.000000 true
    10 285.000000 345.000000 -500.000000 345.000000 -500.000000 true
    11 403.050865 345.000000 -215.000000 345.000000 -215.000000 true
    12 806.101731 -510.000000 930.000000 -510.000000 930.000000 true
    13 637.279374 -510.000000 -785.000000 -510.000000 -785.000000 true
    14 570.000000 -510.000000 -500.000000 -510.000000 -500.000000 true
    15 637.279374 -510.000000 -215.000000 -510.000000 -215.000000 true
    16 806.101731 -510.000000 70.000000 -510.000000 70.000000 true
    17 637.279374 -225.000000 930.000000 -225.000000 930.000000 true
    18 637.279374 -225.000000 70.000000 -225.000000 70.000000 true
    19 570.000000 60.000000 930.000000 60.000000 930.000000 true
    20 570.000000 60.000000 70.000000 60.000000 70.000000 true
    21 637.279374 345.000000 930.000000 345.000000 930.000000 true
    22 637.279374 345.000000 70.000000 345.000000 70.000000 true
    23 806.101731 630.000000 930.000000 630.000000 930.000000 true
    24 637.279374 630.000000 -785.000000 630.000000 -785.000000 true
    25 570.000000 630.000000 -500.000000 630.000000 -500.000000 true
    26 637.279374 630.000000 -215.000000 630.000000 -215.000000 true
    27 806.101731 630.000000 70.000000 630.000000 70.000000 true
    28 820.000000 -519.827561 920.172439 -795.000000 645.000000 false
    29 820.000000 -622.281241 -954.854161 -795.000000 930.000000 false


    400.000000 -500.000000 111.000000 1 0 0 1
    # Prospector:
    1 378.257866 307.671579 -246.949511 736.950329 -449.296396 false false false
    # Communication:
    1 0.000000 400.000000 -500.000000 400.000000 -500.000000 true


