# ts.txt
#
# nb Gisements
1
# Gisements :
    0 0 150 8000
# nb Bases
4
# Bases :
    -400 -500 1 1 0 0 1
        # Prospector
        0 10 0 0 0 0 1 1 1 0 0 150 8000
        # Drilling
        # Transport
        # Communication
        1 0 -400 -500 -400 -500 1
    -60 -500 452.293 1 1 1 1
        # Prospector
        0 379.822 135.731 -103.004 829.044 -672.914 0 0 0
        # Drilling
        2 353.587 -17.8718 -148.932 -17.8718 -148.932 1
        # Transport
        3 150 -42.1282 -351.068-17.8718 -148.932 0 0
        # Communication
        1 0 -60 -500 -60 -500 1
    60 -500 442.293 2 1 1 49
        # Prospector
        0 781.303 -713.997 -221.619 792.985 -885.006 0 0 0
        52 10 55.9564 -509.146 -148.349 -971.245 0 0 0
        # Drilling
        2 353.587 17.8718 -148.932 17.8718 -148.932 1
        # Transport
        3 150 42.1282 -351.06817.8718 -148.932 0 0
        # Communication
        1 0 60 -500 60 -500 1
        4 403.051 -225 -785 -225 -785 1
        5 285 -225 -500 -225 -500 1
        6 403.051 -225 -215 -225 -215 1
        7 285 60 -785 60 -785 1
        8 285 60 -215 60 -215 1
        9 403.051 345 -785 345 -785 1
        10 285 345 -500 345 -500 1
        11 403.051 345 -215 345 -215 1
        12 806.102 -510 930 -510 930 1
        13 637.279 -510 -785 -510 -785 1
        14 570 -510 -500 -510 -500 1
        15 637.279 -510 -215 -510 -215 1
        16 806.102 -510 70 -510 70 1
        17 637.279 -225 930 -225 930 1
        18 637.279 -225 70 -225 70 1
        19 570 60 930 60 930 1
        20 570 60 70 60 70 1
        21 637.279 345 930 345 930 1
        22 637.279 345 70 345 70 1
        23 806.102 630 930 630 930 1
        24 637.279 630 -785 630 -785 1
        25 570 630 -500 630 -500 1
        26 637.279 630 -215 630 -215 1
        27 806.102 630 70 630 70 1
        28 820 -519.828 920.172 -795 645 0
        29 820 -622.281 -954.854 -795 930 0
        30 820 -717.92 -759.307 -795 -785 0
        31 815 -755 -500 -795 -500 0
        32 815 -713.177 -242.274 -795 -215 0
        33 815 -618.121 -47.9193 -795 70 0
        34 810 -512.756 72.7565 -795 355 0
        35 810 -389.307 826.039 -510 645 0
        36 810 -389.307 173.961 -510 355 0
        37 805 -194.563 736.31 -225 645 0
        38 805 -194.563 263.69 -225 355 0
        39 805 60 695 60 645 0
        40 800 60 300 60 355 0
        41 800 312.982 741.053 345 645 0
        42 800 312.982 258.947 345 355 0
        43 795 500.987 838.52 630 645 0
        44 795 500.987 161.48 630 355 0
        45 795 622.15 937.85 915 645 0
        46 790 717.32 -938.213 915 930 0
        47 790 809.46 -749.82 915 -785 0
        48 790 850 -500 915 -500 0
        49 785 804.716 -251.761 915 -215 0
        50 785 713.159 -64.5603 915 70 0
        51 785 615.079 55.0788 915 355 0
    400 -500 1 1 0 0 1
        # Prospector
        0 81.2579 307.672 -246.95 736.95 -449.296 0 0 0
        # Drilling
        # Transport
        # Communication
        1 0 400 -500 400 -500 1
